0.644542	0.052503
0.668864	0.054945
0.668864	0.054945
0.668864	0.054945
0.668864	0.052503
0.693187	0.054945
0.717509	0.054945
0.717509	0.054945
0.790476	0.054945
0.839121	0.054945
0.960733	0.052503
0.985055	0.054945
1.082344	0.052503
1.155311	0.052503
1.252601	0.054945
1.301245	0.054945
1.398535	0.052503
1.471502	0.052503
1.568791	0.054945
1.641758	0.052503
1.714725	0.054945
1.787692	0.052503
1.884982	0.052503
1.933626	0.052503
2.055238	0.054945
2.128205	0.052503
2.201172	0.052503
2.274139	0.052503
2.371429	0.054945
2.420073	0.052503
2.517363	0.052503
2.59033	0.054945
2.663297	0.052503
2.760586	0.054945
2.833553	0.052503
2.90652	0.052503
3.00381	0.054945
3.076777	0.052503
3.149744	0.052503
3.247033	0.052503
3.32	0.052503
3.392967	0.052503
3.490257	0.052503
3.538901	0.052503
3.636191	0.052503
3.684835	0.052503
3.806447	0.052503
3.879414	0.052503
3.928059	0.052503
4.025348	0.052503
4.098315	0.052503
4.195605	0.052503
4.268572	0.050061
4.341539	0.050061
4.414506	0.050061
4.511795	0.047619
4.56044	0.050061
4.706374	0.047619
4.730696	0.047619
4.827985	0.045177
4.900952	0.042735
5.046887	0.045177
5.168498	0.040293
5.241465	0.042735
5.29011	0.037851
5.387399	0.037851
5.460366	0.032967
5.557656	0.035409
5.654945	0.028083
5.679267	0.032967
5.776557	0.028083
5.873846	0.025641
5.922491	0.020757
6.01978	0.020757
6.092747	0.018315
6.165714	0.018315
6.263004	0.013431
6.360293	0.015873
6.408938	0.013431
6.506227	0.010989
6.554872	0.008547
6.652162	0.003663
6.725129	0.008547
6.822418	0.003663
6.871063	0.003663
6.968352	0.003663
7.041319	0.001221
7.162931	0.001221
7.187253	-0.001221
7.308865	0.003663
7.357509	-0.001221
7.454799	0.001221
7.552088	0.003663
7.600733	0.001221
7.722345	0.006105
7.770989	0.003663
7.868279	0.001221
7.916923	0.003663
8.038535	0.006105
8.111502	0.008547
8.184469	0.003663
8.257436	0.006105
8.330403	0.010989
8.427693	0.006105
8.50066	0.013431
8.597949	0.008547
8.622271	0.008547
8.768205	0.008547
8.792528	0.008547
8.914139	0.010989
8.962784	0.010989
9.084396	0.010989
9.108718	0.006105
9.23033	0.008547
9.254652	0.008547
9.376264	0.003663
9.424909	0.003663
9.522198	0.001221
9.595165	0.001221
9.668132	-0.006105
9.765421	-0.003663
9.911355	-0.013431
10.05729	-0.018315
10.081612	-0.020757
10.203224	-0.025641
10.251868	-0.030525
10.349158	-0.035409
10.37348	-0.040293
10.495092	-0.047619
10.543736	-0.052503
10.665348	-0.057387
10.738315	-0.059829
10.811282	-0.064713
10.884249	-0.069597
10.932894	-0.076923
11.054506	-0.079365
11.10315	-0.086691
11.20044	-0.086691
11.273407	-0.089133
11.370696	-0.096459
11.395018	-0.094017
11.51663	-0.094017
11.565275	-0.096459
11.662564	-0.098901
11.711209	-0.098901
11.808498	-0.094017
11.881465	-0.091575
12.003077	-0.094017
12.051722	-0.091575
12.100366	-0.089133
12.2463	-0.084249
12.270623	-0.076923
12.392234	-0.074481
12.416557	-0.067155
12.513847	-0.067155
12.586814	-0.059829
12.684103	-0.059829
12.708426	-0.050061
12.830037	-0.047619
12.85436	-0.045177
12.975971	-0.037851
13.024616	-0.040293
13.146228	-0.037851
13.17055	-0.028083
13.292162	-0.025641
13.413774	-0.025641
13.438096	-0.018315
13.559708	-0.025641
13.559708	-0.015873
13.681319	-0.018315
13.729964	-0.020757
13.851576	-0.018315
13.90022	-0.025641
14.021832	-0.025641
14.046154	-0.028083
14.119122	-0.030525
14.216411	-0.028083
14.3137	-0.035409
14.386667	-0.037851
14.435312	-0.037851
14.556924	-0.042735
14.678535	-0.052503
14.800147	-0.059829
14.824469	-0.067155
14.970404	-0.074481
14.970404	-0.084249
15.116338	-0.086691
15.164982	-0.098901
15.262272	-0.108669
15.286594	-0.113553
15.408206	-0.123321
15.432528	-0.133089
15.529817	-0.140415
15.627107	-0.147741
15.700074	-0.155067
15.797363	-0.159951
15.87033	-0.167277
15.96762	-0.172161
16.016264	-0.179487
16.137876	-0.184371
16.162198	-0.191697
16.28381	-0.194139
16.332455	-0.191697
16.429744	-0.191697
16.502711	-0.199023
16.575678	-0.191697
16.672968	-0.196581
16.69729	-0.191697
16.867546	-0.189255
16.891869	-0.177045
16.989158	-0.174603
17.037803	-0.174603
17.159414	-0.164835
17.183737	-0.157509
17.329671	-0.145299
17.353993	-0.147741
17.475605	-0.135531
17.499927	-0.128205
17.645861	-0.118437
17.670184	-0.115995
17.767473	-0.103785
17.84044	-0.103785
17.937729	-0.096459
18.010696	-0.081807
18.083663	-0.081807
18.205275	-0.072039
18.25392	-0.074481
18.375532	-0.062271
18.399854	-0.062271
18.545788	-0.067155
18.57011	-0.064713
18.6674	-0.064713
18.716044	-0.064713
18.813334	-0.064713
18.910623	-0.064713
18.959268	-0.067155
19.080879	-0.059829
19.105202	-0.062271
19.275458	-0.072039
19.275458	-0.069597
19.421392	-0.076923
19.494359	-0.079365
19.615971	-0.089133
19.640293	-0.106227
19.786227	-0.106227
19.81055	-0.115995
19.956484	-0.128205
19.980806	-0.137973
20.102418	-0.142857
20.151063	-0.155067
20.22403	-0.155067
20.321319	-0.167277
20.418608	-0.172161
20.54022	-0.191697
20.564542	-0.201465
20.686154	-0.206349
20.686154	-0.211233
20.85641	-0.225885
20.85641	-0.228327
20.978022	-0.238095
21.002345	-0.245421
21.148279	-0.242979
21.148279	-0.247863
21.294213	-0.250305
21.342857	-0.252747
21.440147	-0.262515
21.586081	-0.262515
21.586081	-0.257631
21.756337	-0.260073
21.732015	-0.255189
21.877949	-0.247863
21.877949	-0.238095
22.023883	-0.233211
22.023883	-0.230769
22.194139	-0.221001
22.194139	-0.213675
22.340073	-0.206349
22.364396	-0.203907
22.51033	-0.196581
22.558974	-0.189255
22.631942	-0.179487
22.729231	-0.164835
22.777876	-0.157509
22.948132	-0.159951
22.948132	-0.142857
23.094066	-0.147741
23.094066	-0.140415
23.24	-0.133089
23.215678	-0.120879
23.385934	-0.115995
23.361612	-0.123321
23.556191	-0.120879
23.531868	-0.118437
23.65348	-0.103785
23.702125	-0.103785
23.848059	-0.108669
23.96967	-0.103785
23.945348	-0.103785
24.091282	-0.113553
24.115604	-0.115995
24.285861	-0.111111
24.358828	-0.113553
24.504762	-0.123321
24.529084	-0.133089
24.650696	-0.130647
24.699341	-0.140415
24.820952	-0.157509
24.893919	-0.162393
24.966888	-0.157509
25.064177	-0.164835
25.0885	-0.172161
25.258756	-0.191697
25.283078	-0.194139
25.429012	-0.211233
25.40469	-0.211233
25.550624	-0.216117
25.526302	-0.221001
25.720881	-0.240537
25.696558	-0.250305
25.866815	-0.245421
25.866815	-0.255189
26.012749	-0.257631
26.061393	-0.269841
26.183005	-0.274725
26.207327	-0.279609
26.304617	-0.279609
26.426228	-0.274725
26.474873	-0.277167
26.572163	-0.279609
26.596485	-0.289377
26.766741	-0.282051
26.766741	-0.274725
26.888353	-0.272283
26.936998	-0.269841
27.058609	-0.264957
27.107254	-0.262515
27.180221	-0.257631
27.301833	-0.257631
27.350478	-0.252747
27.496412	-0.240537
27.472089	-0.240537
27.642346	-0.235653
27.618023	-0.230769
27.812602	-0.213675
27.763957	-0.203907
27.958536	-0.201465
27.958536	-0.201465
28.10447	-0.189255
28.080148	-0.189255
28.250404	-0.179487
28.274727	-0.181929
28.444983	-0.169719
28.444983	-0.181929
28.566595	-0.169719
28.639562	-0.169719
28.712529	-0.172161
28.83414	-0.157509
28.83414	-0.169719
29.028719	-0.157509
28.980075	-0.152625
29.174653	-0.167277
29.24762	-0.167277
29.34491	-0.157509
29.466521	-0.172161
29.515166	-0.164835
29.612455	-0.162393
29.6611	-0.172161
29.807034	-0.174603
29.807034	-0.177045
29.977291	-0.196581
29.928646	-0.201465
30.098902	-0.191697
30.07458	-0.201465
30.293481	-0.221001
30.244836	-0.223443
30.415093	-0.230769
30.415093	-0.225885
30.536704	-0.240537
30.585349	-0.245421
30.706961	-0.255189
30.80425	-0.267399
30.852895	-0.262515
30.974507	-0.264957
30.998829	-0.269841
31.144763	-0.279609
31.169085	-0.279609
31.315019	-0.289377
31.290697	-0.289377
31.485276	-0.291819
31.436631	-0.291819
31.63121	-0.304029
31.606888	-0.299145
31.752822	-0.289377
31.898756	-0.291819
31.850111	-0.299145
32.04469	-0.301587
32.020367	-0.284493
32.214946	-0.296703
32.166301	-0.291819
32.36088	-0.277167
32.336558	-0.284493
