0.644542	0.054945
0.668864	0.054945
0.693187	0.052503
0.644542	0.052503
0.668864	0.054945
0.717509	0.054945
0.717509	0.052503
0.717509	0.052503
0.766154	0.054945
0.839121	0.052503
0.93641	0.052503
0.985055	0.052503
1.058022	0.052503
1.155311	0.052503
1.228278	0.052503
1.325568	0.052503
1.374212	0.052503
1.495824	0.054945
1.568791	0.052503
1.666081	0.052503
1.714725	0.052503
1.787692	0.052503
1.909304	0.052503
1.957949	0.052503
2.030916	0.052503
2.079561	0.052503
2.201172	0.052503
2.274139	0.052503
2.371429	0.052503
2.444396	0.052503
2.517363	0.052503
2.614652	0.052503
2.687619	0.052503
2.760586	0.052503
2.833553	0.052503
2.90652	0.052503
2.979487	0.052503
3.052454	0.052503
3.149744	0.052503
3.222711	0.052503
3.32	0.052503
3.368645	0.052503
3.441612	0.052503
3.538901	0.052503
3.587546	0.052503
3.709158	0.052503
3.757802	0.052503
3.879414	0.052503
3.952381	0.052503
4.001026	0.052503
4.122637	0.050061
4.195605	0.050061
4.292894	0.050061
4.341539	0.050061
4.438828	0.050061
4.511795	0.050061
4.584762	0.050061
4.657729	0.050061
4.730696	0.050061
4.852308	0.050061
4.900952	0.047619
5.071209	0.047619
5.144176	0.045177
5.217143	0.042735
5.29011	0.042735
5.387399	0.040293
5.460366	0.037851
5.557656	0.037851
5.630623	0.037851
5.70359	0.035409
5.752234	0.035409
5.849524	0.030525
5.922491	0.030525
6.01978	0.028083
6.092747	0.025641
6.190037	0.025641
6.263004	0.020757
6.335971	0.020757
6.43326	0.018315
6.481905	0.023199
6.603517	0.018315
6.652162	0.018315
6.749451	0.015873
6.798096	0.013431
6.919707	0.013431
6.968352	0.015873
7.065641	0.013431
7.114286	0.013431
7.187253	0.013431
7.308865	0.010989
7.357509	0.013431
7.479121	0.010989
7.552088	0.018315
7.625055	0.010989
7.6737	0.018315
7.795312	0.015873
7.819634	0.013431
7.941246	0.015873
7.965568	0.015873
8.08718	0.018315
8.160147	0.013431
8.257436	0.020757
8.306081	0.015873
8.40337	0.020757
8.50066	0.023199
8.573627	0.018315
8.670916	0.018315
8.743883	0.015873
8.841172	0.015873
8.889817	0.018315
8.987106	0.018315
9.035751	0.013431
9.13304	0.015873
9.206008	0.015873
9.303297	0.013431
9.376264	0.008547
9.449231	0.008547
9.522198	0.008547
9.595165	0.006105
9.668132	0.003663
9.765421	-0.001221
9.96	-0.006105
9.984322	-0.010989
10.105934	-0.023199
10.154579	-0.023199
10.227546	-0.030525
10.276191	-0.035409
10.397802	-0.035409
10.446447	-0.047619
10.568059	-0.047619
10.616703	-0.057387
10.68967	-0.059829
10.811282	-0.067155
10.859927	-0.072039
10.981539	-0.074481
11.005861	-0.079365
11.127473	-0.084249
11.176117	-0.086691
11.273407	-0.094017
11.322051	-0.098901
11.443663	-0.101343
11.492308	-0.098901
11.589597	-0.103785
11.613919	-0.103785
11.735531	-0.101343
11.784176	-0.096459
11.881465	-0.094017
11.93011	-0.091575
12.051722	-0.094017
12.100366	-0.084249
12.197656	-0.081807
12.270623	-0.081807
12.367912	-0.079365
12.440879	-0.072039
12.465202	-0.067155
12.586814	-0.064713
12.635459	-0.057387
12.732748	-0.057387
12.781393	-0.054945
12.903004	-0.042735
12.975971	-0.045177
13.048938	-0.042735
13.17055	-0.040293
13.194872	-0.030525
13.292162	-0.032967
13.340807	-0.025641
13.462418	-0.023199
13.486741	-0.025641
13.608352	-0.023199
13.632675	-0.025641
13.754286	-0.028083
13.802931	-0.025641
13.924543	-0.030525
13.948865	-0.030525
14.070477	-0.025641
14.119122	-0.030525
14.240733	-0.032967
14.289378	-0.040293
14.386667	-0.045177
14.459634	-0.052503
14.508279	-0.054945
14.702858	-0.064713
14.72718	-0.072039
14.897436	-0.081807
14.897436	-0.089133
15.043371	-0.096459
15.067693	-0.096459
15.164982	-0.106227
15.237949	-0.118437
15.310916	-0.128205
15.408206	-0.133089
15.481173	-0.145299
15.602784	-0.150183
15.627107	-0.162393
15.748718	-0.172161
15.773041	-0.179487
15.894653	-0.181929
15.918975	-0.194139
16.040587	-0.199023
16.064909	-0.206349
16.210843	-0.211233
16.235165	-0.216117
16.381099	-0.213675
16.381099	-0.213675
16.478389	-0.221001
16.551356	-0.213675
16.672968	-0.216117
16.770257	-0.211233
16.818902	-0.208791
16.916191	-0.206349
16.964836	-0.201465
17.086447	-0.196581
17.086447	-0.184371
17.256704	-0.179487
17.256704	-0.169719
17.402638	-0.162393
17.42696	-0.162393
17.548572	-0.150183
17.621539	-0.142857
17.670184	-0.135531
17.816118	-0.125763
17.84044	-0.123321
17.986374	-0.120879
18.010696	-0.111111
18.107986	-0.111111
18.132308	-0.103785
18.302564	-0.094017
18.278242	-0.096459
18.399854	-0.094017
18.424176	-0.084249
18.545788	-0.091575
18.618755	-0.084249
18.740367	-0.094017
18.764689	-0.089133
18.886301	-0.094017
18.98359	-0.089133
19.032235	-0.098901
19.153846	-0.094017
19.202491	-0.098901
19.324103	-0.113553
19.348425	-0.108669
19.567326	-0.115995
19.591649	-0.133089
19.71326	-0.135531
19.737583	-0.152625
19.883517	-0.152625
19.907839	-0.169719
20.029451	-0.172161
20.029451	-0.179487
20.175385	-0.189255
20.22403	-0.201465
20.321319	-0.213675
20.467253	-0.221001
20.418608	-0.233211
20.613187	-0.247863
20.613187	-0.257631
20.759121	-0.269841
20.759121	-0.272283
20.905055	-0.284493
20.929378	-0.291819
21.050989	-0.301587
21.075312	-0.299145
21.221246	-0.308913
21.294213	-0.308913
21.342857	-0.311355
21.464469	-0.318681
21.537436	-0.318681
21.634725	-0.311355
21.634725	-0.321123
21.804982	-0.318681
21.829304	-0.313797
21.975238	-0.311355
21.975238	-0.306471
22.09685	-0.294261
22.121172	-0.289377
22.267106	-0.284493
22.291429	-0.279609
22.41304	-0.272283
22.461685	-0.267399
22.583297	-0.252747
22.607619	-0.252747
22.729231	-0.245421
22.777876	-0.238095
22.899487	-0.233211
22.996777	-0.228327
22.972454	-0.223443
23.167033	-0.211233
23.142711	-0.213675
23.288645	-0.206349
23.312967	-0.206349
23.458901	-0.199023
23.507546	-0.196581
23.580513	-0.199023
23.677802	-0.199023
23.750769	-0.196581
23.896703	-0.186813
23.896703	-0.189255
24.042637	-0.194139
24.042637	-0.201465
24.237216	-0.194139
24.188571	-0.201465
24.456117	-0.211233
24.456117	-0.216117
24.602051	-0.221001
24.577729	-0.230769
24.747985	-0.238095
24.747985	-0.238095
24.893919	-0.247863
24.942566	-0.262515
25.039855	-0.262515
25.112822	-0.269841
25.185789	-0.282051
25.283078	-0.294261
25.356045	-0.306471
25.477657	-0.313797
25.477657	-0.316239
25.647914	-0.333333
25.647914	-0.345543
25.769525	-0.352869
25.81817	-0.360195
25.915459	-0.367521
26.012749	-0.372405
26.061393	-0.372405
26.183005	-0.387057
26.207327	-0.391941
26.401906	-0.391941
26.377584	-0.404151
26.499196	-0.401709
26.523518	-0.411477
26.693774	-0.411477
26.64513	-0.404151
26.839708	-0.404151
26.815386	-0.404151
27.009965	-0.409035
26.985642	-0.406593
27.131576	-0.401709
27.155899	-0.404151
27.27751	-0.399267
27.350478	-0.396825
27.423445	-0.387057
27.520734	-0.379731
27.593701	-0.387057
27.715313	-0.372405
27.739635	-0.377289
27.861247	-0.365079
27.885569	-0.369963
28.031503	-0.357753
28.031503	-0.360195
28.177437	-0.350427
28.250404	-0.345543
28.299049	-0.343101
28.420661	-0.338217
28.420661	-0.343101
28.639562	-0.338217
28.615239	-0.330891
28.761173	-0.328449
28.736851	-0.333333
28.907107	-0.328449
28.907107	-0.338217
29.053042	-0.335775
29.053042	-0.330891
29.296265	-0.328449
29.320587	-0.340659
29.442199	-0.338217
29.490844	-0.338217
29.612455	-0.350427
29.636778	-0.345543
29.734067	-0.360195
29.855679	-0.362637
29.880001	-0.362637
30.025935	-0.372405
30.025935	-0.379731
30.196192	-0.384615
30.196192	-0.394383
30.39077	-0.399267
30.342126	-0.401709
30.512382	-0.416361
30.48806	-0.421245
30.658316	-0.423687
30.633994	-0.438339
30.828573	-0.445665
30.925862	-0.448107
30.90154	-0.455433
31.071796	-0.455433
31.047474	-0.467643
31.242052	-0.477411
31.193408	-0.482295
31.387986	-0.477411
31.363664	-0.484737
31.558243	-0.494505
31.533921	-0.501832
31.704177	-0.501832
31.752822	-0.496947
31.850111	-0.504274
31.898756	-0.514042
31.971723	-0.509158
32.093334	-0.506716
32.117657	-0.514042
32.263591	-0.518926
32.239268	-0.506716
32.433847	-0.514042
