0.644542	0.054945
0.668864	0.052503
0.644542	0.054945
0.668864	0.054945
0.668864	0.054945
0.693187	0.054945
0.693187	0.052503
0.717509	0.057387
0.766154	0.054945
0.839121	0.054945
0.912088	0.052503
1.009377	0.054945
1.082344	0.054945
1.155311	0.054945
1.252601	0.054945
1.301245	0.052503
1.398535	0.052503
1.471502	0.052503
1.568791	0.054945
1.641758	0.052503
1.714725	0.052503
1.787692	0.052503
1.884982	0.052503
1.957949	0.052503
2.006593	0.054945
2.103883	0.052503
2.17685	0.054945
2.298462	0.054945
2.347106	0.054945
2.444396	0.052503
2.517363	0.052503
2.59033	0.052503
2.663297	0.052503
2.760586	0.052503
2.857875	0.052503
2.882198	0.052503
2.979487	0.052503
3.076777	0.052503
3.149744	0.054945
3.198388	0.052503
3.32	0.052503
3.392967	0.052503
3.490257	0.052503
3.538901	0.054945
3.636191	0.052503
3.709158	0.052503
3.782125	0.052503
3.855092	0.052503
3.952381	0.052503
4.001026	0.052503
4.098315	0.052503
4.171282	0.052503
4.268572	0.052503
4.317216	0.052503
4.414506	0.052503
4.511795	0.052503
4.584762	0.050061
4.657729	0.050061
4.730696	0.052503
4.852308	0.050061
4.900952	0.050061
5.071209	0.050061
5.119854	0.047619
5.217143	0.047619
5.29011	0.045177
5.387399	0.045177
5.460366	0.040293
5.557656	0.037851
5.654945	0.037851
5.679267	0.037851
5.800879	0.032967
5.825201	0.035409
5.946813	0.032967
5.971136	0.030525
6.092747	0.030525
6.165714	0.025641
6.263004	0.028083
6.311649	0.025641
6.384616	0.020757
6.481905	0.023199
6.554872	0.023199
6.627839	0.018315
6.749451	0.020757
6.798096	0.020757
6.895385	0.020757
6.992674	0.015873
7.041319	0.015873
7.138608	0.015873
7.211575	0.013431
7.308865	0.018315
7.381832	0.013431
7.479121	0.018315
7.503444	0.013431
7.625055	0.013431
7.698022	0.018315
7.770989	0.015873
7.868279	0.018315
7.916923	0.015873
8.014213	0.018315
8.08718	0.018315
8.184469	0.018315
8.257436	0.023199
8.354726	0.015873
8.40337	0.020757
8.524982	0.020757
8.573627	0.018315
8.670916	0.020757
8.695238	0.020757
8.81685	0.018315
8.889817	0.020757
8.987106	0.013431
9.011429	0.013431
9.13304	0.015873
9.181685	0.015873
9.278975	0.010989
9.376264	0.006105
9.424909	0.010989
9.54652	0.003663
9.595165	-0.001221
9.716777	-0.001221
9.741099	-0.001221
9.96	-0.010989
9.984322	-0.018315
10.081612	-0.023199
10.178901	-0.023199
10.251868	-0.028083
10.349158	-0.035409
10.37348	-0.042735
10.519414	-0.045177
10.543736	-0.054945
10.641026	-0.057387
10.713993	-0.067155
10.811282	-0.072039
10.835604	-0.079365
10.957216	-0.081807
11.005861	-0.084249
11.127473	-0.094017
11.151795	-0.098901
11.273407	-0.103785
11.297729	-0.103785
11.419341	-0.106227
11.492308	-0.103785
11.565275	-0.103785
11.662564	-0.111111
11.735531	-0.106227
11.808498	-0.106227
11.857143	-0.103785
11.978755	-0.101343
12.027399	-0.103785
12.124689	-0.096459
12.149011	-0.094017
12.294945	-0.091575
12.319267	-0.081807
12.416557	-0.076923
12.513847	-0.074481
12.538169	-0.067155
12.684103	-0.067155
12.708426	-0.064713
12.830037	-0.054945
12.878682	-0.052503
12.975971	-0.047619
13.024616	-0.047619
13.121905	-0.040293
13.17055	-0.040293
13.292162	-0.040293
13.340807	-0.037851
13.438096	-0.037851
13.511063	-0.035409
13.559708	-0.035409
13.681319	-0.032967
13.729964	-0.030525
13.851576	-0.032967
13.875898	-0.035409
14.021832	-0.040293
14.046154	-0.040293
14.167766	-0.037851
14.192089	-0.040293
14.3137	-0.045177
14.338023	-0.054945
14.483957	-0.062271
14.483957	-0.059829
14.72718	-0.076923
14.702858	-0.084249
14.824469	-0.089133
14.897436	-0.101343
14.970404	-0.111111
15.116338	-0.120879
15.116338	-0.125763
15.286594	-0.137973
15.262272	-0.145299
15.408206	-0.152625
15.432528	-0.167277
15.602784	-0.174603
15.602784	-0.181929
15.700074	-0.194139
15.748718	-0.199023
15.846008	-0.213675
15.943297	-0.213675
16.016264	-0.221001
16.137876	-0.230769
16.162198	-0.233211
16.259488	-0.242979
16.332455	-0.240537
16.454066	-0.240537
16.454066	-0.245421
16.6	-0.247863
16.6	-0.240537
16.745935	-0.242979
16.770257	-0.235653
16.891869	-0.233211
16.916191	-0.228327
17.086447	-0.223443
17.11077	-0.213675
17.208059	-0.208791
17.281026	-0.201465
17.353993	-0.191697
17.475605	-0.181929
17.499927	-0.174603
17.621539	-0.172161
17.645861	-0.162393
17.767473	-0.155067
17.84044	-0.145299
17.937729	-0.137973
18.010696	-0.137973
18.083663	-0.130647
18.180953	-0.123321
18.229597	-0.118437
18.375532	-0.120879
18.351209	-0.113553
18.545788	-0.111111
18.57011	-0.111111
18.691722	-0.115995
18.691722	-0.115995
18.837656	-0.118437
18.837656	-0.111111
18.98359	-0.123321
19.007912	-0.125763
19.153846	-0.130647
19.129524	-0.133089
19.299781	-0.135531
19.324103	-0.140415
19.518682	-0.152625
19.591649	-0.162393
19.688938	-0.172161
19.786227	-0.181929
19.859194	-0.189255
19.980806	-0.199023
19.980806	-0.213675
20.12674	-0.223443
20.102418	-0.235653
20.248352	-0.240537
20.296997	-0.257631
20.394286	-0.264957
20.491575	-0.279609
20.564542	-0.282051
20.661832	-0.301587
20.686154	-0.308913
20.832088	-0.318681
20.85641	-0.326007
21.002345	-0.333333
21.002345	-0.347985
21.148279	-0.352869
21.148279	-0.352869
21.318535	-0.365079
21.294213	-0.365079
21.464469	-0.367521
21.440147	-0.372405
21.634725	-0.367521
21.659048	-0.372405
21.732015	-0.372405
21.829304	-0.369963
21.926594	-0.362637
22.023883	-0.352869
22.048205	-0.350427
22.218462	-0.350427
22.218462	-0.343101
22.340073	-0.330891
22.364396	-0.328449
22.51033	-0.326007
22.51033	-0.316239
22.680586	-0.306471
22.729231	-0.301587
22.802198	-0.299145
22.92381	-0.284493
22.899487	-0.289377
23.069744	-0.274725
23.094066	-0.277167
23.24	-0.267399
23.215678	-0.267399
23.410256	-0.262515
23.385934	-0.260073
23.556191	-0.260073
23.556191	-0.250305
23.677802	-0.250305
23.702125	-0.252747
23.848059	-0.255189
23.896703	-0.257631
23.993993	-0.260073
24.06696	-0.260073
24.139927	-0.264957
24.237216	-0.264957
24.38315	-0.267399
24.504762	-0.279609
24.529084	-0.291819
24.675018	-0.296703
24.650696	-0.299145
24.845275	-0.306471
24.845275	-0.308913
24.99121	-0.328449
24.966888	-0.328449
25.137144	-0.345543
25.137144	-0.352869
25.307401	-0.360195
25.40469	-0.372405
25.380368	-0.379731
25.550624	-0.389499
25.526302	-0.401709
25.720881	-0.416361
25.696558	-0.428571
25.866815	-0.435897
25.842492	-0.443223
26.012749	-0.452991
25.988426	-0.460317
26.158683	-0.465201
26.207327	-0.470085
26.328939	-0.474969
26.377584	-0.482295
26.474873	-0.484737
26.54784	-0.492063
26.596485	-0.489621
26.693774	-0.496947
26.766741	-0.501832
26.912675	-0.499389
26.912675	-0.501832
27.082932	-0.499389
27.082932	-0.492063
27.253188	-0.496947
27.228866	-0.494505
27.3748	-0.487179
27.3748	-0.487179
27.545056	-0.484737
27.520734	-0.479853
27.666668	-0.482295
27.69099	-0.477411
27.836924	-0.467643
27.909891	-0.467643
27.982858	-0.462759
28.055825	-0.465201
28.055825	-0.457875
28.274727	-0.462759
28.250404	-0.457875
28.420661	-0.457875
28.420661	-0.455433
28.566595	-0.450549
28.639562	-0.448107
28.712529	-0.445665
28.785496	-0.450549
28.83414	-0.440781
28.980075	-0.445665
29.004397	-0.450549
29.126009	-0.443223
29.223298	-0.445665
29.417877	-0.455433
29.369232	-0.457875
29.563811	-0.455433
29.515166	-0.467643
29.685422	-0.467643
29.6611	-0.467643
29.855679	-0.482295
29.855679	-0.479853
30.001613	-0.487179
30.025935	-0.501832
30.171869	-0.499389
30.196192	-0.506716
30.293481	-0.514042
30.39077	-0.521368
30.463737	-0.531136
30.585349	-0.538462
30.585349	-0.553114
30.682639	-0.56044
30.755606	-0.562882
30.877217	-0.577534
30.925862	-0.582418
31.047474	-0.582418
31.120441	-0.592186
31.169085	-0.59707
31.290697	-0.604396
31.290697	-0.614164
31.485276	-0.62149
31.436631	-0.626374
31.63121	-0.631258
31.606888	-0.631258
31.801466	-0.636142
31.752822	-0.643468
31.923078	-0.650794
31.923078	-0.655678
32.093334	-0.660562
32.093334	-0.65812
32.239268	-0.660562
32.287913	-0.665446
32.385203	-0.667888
