0.644542	0.054945
0.644542	0.054945
0.644542	0.052503
0.693187	0.052503
0.693187	0.054945
0.693187	0.054945
0.693187	0.054945
0.717509	0.054945
0.790476	0.054945
0.863443	0.054945
0.93641	0.054945
1.009377	0.052503
1.082344	0.054945
1.155311	0.052503
1.276923	0.052503
1.301245	0.052503
1.398535	0.052503
1.495824	0.054945
1.593114	0.052503
1.641758	0.052503
1.714725	0.052503
1.787692	0.054945
1.884982	0.054945
1.957949	0.052503
2.030916	0.054945
2.128205	0.054945
2.201172	0.052503
2.322784	0.054945
2.347106	0.052503
2.444396	0.052503
2.517363	0.052503
2.59033	0.052503
2.663297	0.052503
2.736264	0.052503
2.833553	0.054945
2.930843	0.052503
3.00381	0.052503
3.101099	0.052503
3.174066	0.052503
3.222711	0.052503
3.32	0.052503
3.392967	0.052503
3.465934	0.052503
3.538901	0.052503
3.636191	0.052503
3.684835	0.052503
3.806447	0.052503
3.879414	0.052503
3.952381	0.052503
4.025348	0.052503
4.098315	0.052503
4.195605	0.052503
4.268572	0.052503
4.365861	0.052503
4.414506	0.050061
4.511795	0.050061
4.584762	0.050061
4.706374	0.050061
4.730696	0.050061
4.827985	0.047619
4.900952	0.050061
5.046887	0.045177
5.168498	0.045177
5.241465	0.042735
5.314432	0.042735
5.387399	0.042735
5.484689	0.037851
5.557656	0.042735
5.630623	0.040293
5.679267	0.040293
5.776557	0.032967
5.873846	0.032967
5.971136	0.032967
6.01978	0.030525
6.11707	0.030525
6.165714	0.025641
6.263004	0.025641
6.335971	0.023199
6.43326	0.025641
6.506227	0.023199
6.579194	0.023199
6.676484	0.020757
6.749451	0.020757
6.822418	0.018315
6.871063	0.018315
6.992674	0.018315
7.041319	0.013431
7.138608	0.018315
7.211575	0.015873
7.308865	0.013431
7.357509	0.015873
7.454799	0.018315
7.552088	0.020757
7.600733	0.013431
7.722345	0.018315
7.795312	0.015873
7.868279	0.018315
7.916923	0.015873
8.014213	0.020757
8.08718	0.018315
8.184469	0.018315
8.233114	0.020757
8.354726	0.015873
8.40337	0.020757
8.524982	0.020757
8.597949	0.023199
8.646594	0.018315
8.743883	0.023199
8.841172	0.015873
8.914139	0.023199
8.962784	0.020757
9.084396	0.013431
9.13304	0.018315
9.23033	0.013431
9.278975	0.010989
9.376264	0.008547
9.424909	0.006105
9.54652	0.008547
9.570843	0.003663
9.692454	-0.006105
9.741099	-0.006105
9.935678	-0.006105
9.984322	-0.015873
10.081612	-0.018315
10.203224	-0.023199
10.227546	-0.032967
10.324835	-0.035409
10.349158	-0.042735
10.495092	-0.052503
10.519414	-0.054945
10.641026	-0.059829
10.68967	-0.069597
10.811282	-0.074481
10.859927	-0.079365
10.932894	-0.086691
11.030183	-0.089133
11.078828	-0.094017
11.224762	-0.094017
11.273407	-0.103785
11.346374	-0.106227
11.419341	-0.103785
11.51663	-0.106227
11.565275	-0.111111
11.711209	-0.108669
11.711209	-0.108669
11.832821	-0.108669
11.832821	-0.106227
12.003077	-0.098901
12.003077	-0.096459
12.124689	-0.096459
12.197656	-0.094017
12.2463	-0.089133
12.34359	-0.086691
12.440879	-0.081807
12.513847	-0.072039
12.538169	-0.069597
12.659781	-0.069597
12.708426	-0.057387
12.830037	-0.057387
12.878682	-0.050061
12.951649	-0.045177
13.073261	-0.042735
13.121905	-0.045177
13.219195	-0.042735
13.26784	-0.035409
13.413774	-0.030525
13.413774	-0.030525
13.535385	-0.032967
13.559708	-0.035409
13.681319	-0.035409
13.729964	-0.035409
13.851576	-0.030525
13.875898	-0.030525
13.99751	-0.040293
14.046154	-0.045177
14.143444	-0.040293
14.167766	-0.045177
14.289378	-0.054945
14.362345	-0.057387
14.435312	-0.062271
14.556924	-0.064713
14.678535	-0.079365
14.800147	-0.084249
14.848792	-0.094017
14.970404	-0.098901
14.994726	-0.108669
15.092015	-0.123321
15.14066	-0.133089
15.213627	-0.140415
15.310916	-0.150183
15.383883	-0.152625
15.529817	-0.172161
15.55414	-0.181929
15.675751	-0.189255
15.675751	-0.191697
15.821686	-0.201465
15.846008	-0.208791
15.991942	-0.218559
15.991942	-0.225885
16.113554	-0.235653
16.162198	-0.242979
16.259488	-0.247863
16.28381	-0.250305
16.405422	-0.247863
16.478389	-0.247863
16.575678	-0.250305
16.672968	-0.250305
16.721612	-0.247863
16.843224	-0.242979
16.891869	-0.238095
17.01348	-0.233211
17.062125	-0.230769
17.159414	-0.213675
17.183737	-0.211233
17.329671	-0.201465
17.353993	-0.191697
17.475605	-0.184371
17.475605	-0.181929
17.621539	-0.169719
17.743151	-0.167277
17.767473	-0.155067
17.889085	-0.145299
17.889085	-0.145299
18.059341	-0.142857
18.035019	-0.137973
18.205275	-0.130647
18.205275	-0.128205
18.351209	-0.125763
18.351209	-0.120879
18.521466	-0.118437
18.521466	-0.123321
18.643077	-0.118437
18.716044	-0.115995
18.789011	-0.115995
18.886301	-0.123321
18.959268	-0.125763
19.080879	-0.130647
19.105202	-0.130647
19.275458	-0.137973
19.251136	-0.145299
19.39707	-0.142857
19.494359	-0.155067
19.640293	-0.164835
19.640293	-0.179487
19.81055	-0.191697
19.786227	-0.194139
19.932161	-0.203907
19.956484	-0.221001
20.078096	-0.230769
20.102418	-0.235653
20.248352	-0.247863
20.369964	-0.260073
20.394286	-0.274725
20.515898	-0.291819
20.515898	-0.301587
20.661832	-0.306471
20.661832	-0.316239
20.807766	-0.328449
20.85641	-0.338217
20.9537	-0.347985
21.026667	-0.362637
21.099634	-0.369963
21.221246	-0.374847
21.245568	-0.374847
21.391502	-0.379731
21.415824	-0.387057
21.561758	-0.387057
21.586081	-0.384615
21.732015	-0.384615
21.707692	-0.384615
21.877949	-0.379731
21.877949	-0.377289
22.023883	-0.372405
22.023883	-0.367521
22.194139	-0.362637
22.194139	-0.352869
22.340073	-0.347985
22.364396	-0.343101
22.486007	-0.328449
22.51033	-0.323565
22.631942	-0.313797
22.704909	-0.316239
22.777876	-0.304029
22.899487	-0.301587
22.948132	-0.296703
23.045421	-0.289377
23.069744	-0.289377
23.191355	-0.279609
23.24	-0.274725
23.361612	-0.274725
23.410256	-0.269841
23.483224	-0.264957
23.604835	-0.272283
23.629158	-0.264957
23.775092	-0.262515
23.799414	-0.264957
23.96967	-0.269841
23.945348	-0.267399
24.115604	-0.272283
24.115604	-0.279609
24.261538	-0.282051
24.334506	-0.279609
24.504762	-0.299145
24.456117	-0.296703
24.626374	-0.311355
24.650696	-0.321123
24.79663	-0.318681
24.845275	-0.335775
24.942566	-0.345543
25.039855	-0.355311
25.0885	-0.367521
25.234434	-0.367521
25.234434	-0.379731
