0.668864	0.057387
0.644542	0.052503
0.644542	0.054945
0.693187	0.054945
0.668864	0.052503
0.693187	0.054945
0.693187	0.054945
0.717509	0.054945
0.790476	0.054945
0.839121	0.054945
0.93641	0.054945
1.009377	0.052503
1.082344	0.054945
1.179634	0.052503
1.252601	0.054945
1.34989	0.052503
1.398535	0.054945
1.495824	0.054945
1.568791	0.052503
1.666081	0.052503
1.714725	0.054945
1.787692	0.054945
1.909304	0.052503
1.957949	0.052503
2.030916	0.052503
2.103883	0.052503
2.201172	0.054945
2.274139	0.052503
2.371429	0.052503
2.444396	0.052503
2.541685	0.054945
2.59033	0.052503
2.663297	0.052503
2.760586	0.052503
2.833553	0.052503
2.930843	0.052503
2.979487	0.052503
3.076777	0.052503
3.149744	0.052503
3.247033	0.052503
3.32	0.052503
3.392967	0.052503
3.465934	0.052503
3.563224	0.052503
3.636191	0.052503
3.73348	0.052503
3.806447	0.050061
3.879414	0.052503
3.976703	0.052503
4.025348	0.050061
4.122637	0.052503
4.195605	0.050061
4.292894	0.050061
4.341539	0.052503
4.414506	0.050061
4.511795	0.050061
4.609084	0.050061
4.657729	0.047619
4.730696	0.047619
4.827985	0.050061
4.900952	0.047619
5.095531	0.045177
5.144176	0.047619
5.241465	0.042735
5.29011	0.045177
5.411722	0.045177
5.436044	0.042735
5.533333	0.042735
5.630623	0.040293
5.70359	0.040293
5.776557	0.037851
5.873846	0.037851
5.946813	0.032967
6.044103	0.035409
6.11707	0.035409
6.190037	0.032967
6.263004	0.030525
6.335971	0.030525
6.43326	0.030525
6.481905	0.025641
6.603517	0.025641
6.627839	0.028083
6.773773	0.025641
6.798096	0.028083
6.919707	0.020757
6.94403	0.023199
7.041319	0.025641
7.114286	0.020757
7.187253	0.018315
7.333187	0.020757
7.381832	0.023199
7.454799	0.023199
7.527766	0.018315
7.625055	0.018315
7.6737	0.018315
7.795312	0.018315
7.843956	0.023199
7.941246	0.020757
8.014213	0.020757
8.111502	0.020757
8.160147	0.020757
8.281758	0.020757
8.330403	0.023199
8.40337	0.023199
8.50066	0.025641
8.597949	0.023199
8.695238	0.023199
8.719561	0.020757
8.81685	0.023199
8.865495	0.025641
8.987106	0.025641
9.035751	0.020757
9.13304	0.023199
9.181685	0.025641
9.303297	0.018315
9.351942	0.023199
9.449231	0.018315
9.522198	0.015873
9.595165	0.013431
9.716777	0.013431
9.741099	0.010989
9.911355	0.006105
9.984322	0.008547
10.105934	0.003663
10.154579	0.003663
10.227546	-0.001221
10.324835	-0.003663
10.397802	-0.008547
10.519414	-0.015873
10.543736	-0.015873
10.68967	-0.018315
10.713993	-0.028083
10.835604	-0.032967
10.835604	-0.030525
10.957216	-0.037851
11.030183	-0.037851
11.127473	-0.045177
11.151795	-0.045177
11.297729	-0.047619
11.297729	-0.054945
11.419341	-0.054945
11.467985	-0.057387
11.565275	-0.059829
11.638242	-0.054945
11.711209	-0.059829
11.832821	-0.054945
11.881465	-0.052503
12.003077	-0.052503
12.003077	-0.052503
12.124689	-0.054945
12.149011	-0.052503
12.294945	-0.045177
12.367912	-0.042735
12.440879	-0.042735
12.513847	-0.040293
12.562492	-0.037851
12.684103	-0.032967
12.708426	-0.030525
12.85436	-0.023199
12.878682	-0.025641
12.975971	-0.023199
13.024616	-0.013431
13.146228	-0.010989
13.17055	-0.013431
13.292162	-0.010989
13.316484	-0.008547
13.438096	-0.008547
13.462418	-0.001221
13.608352	0.001221
13.632675	-0.003663
13.729964	-0.006105
13.802931	0.001221
13.90022	-0.003663
14.021832	-0.006105
14.021832	-0.006105
14.143444	-0.010989
14.192089	-0.013431
14.338023	-0.006105
14.362345	-0.013431
14.483957	-0.013431
14.483957	-0.025641
14.702858	-0.023199
14.72718	-0.032967
14.824469	-0.035409
14.970404	-0.042735
14.994726	-0.054945
15.116338	-0.052503
15.164982	-0.064713
15.262272	-0.074481
15.286594	-0.074481
15.432528	-0.079365
15.432528	-0.089133
15.578462	-0.103785
15.602784	-0.101343
15.724396	-0.113553
15.724396	-0.118437
15.894653	-0.128205
15.918975	-0.128205
16.016264	-0.140415
16.113554	-0.140415
16.186521	-0.142857
16.259488	-0.147741
16.308132	-0.155067
16.454066	-0.155067
16.478389	-0.152625
16.6	-0.152625
16.624323	-0.155067
16.770257	-0.152625
16.770257	-0.152625
16.940513	-0.140415
16.916191	-0.137973
17.086447	-0.137973
17.062125	-0.128205
17.232381	-0.128205
17.256704	-0.120879
17.353993	-0.115995
17.499927	-0.108669
17.499927	-0.098901
17.621539	-0.089133
17.645861	-0.086691
17.791795	-0.084249
17.816118	-0.072039
17.937729	-0.074481
17.937729	-0.067155
18.107986	-0.064713
18.107986	-0.057387
18.229597	-0.057387
18.326887	-0.052503
18.399854	-0.042735
18.521466	-0.052503
18.57011	-0.050061
18.6674	-0.050061
18.691722	-0.042735
18.861978	-0.047619
18.837656	-0.050061
19.007912	-0.042735
18.98359	-0.047619
19.129524	-0.047619
19.153846	-0.052503
19.299781	-0.057387
19.324103	-0.057387
19.518682	-0.067155
19.543004	-0.079365
19.688938	-0.079365
19.737583	-0.086691
19.834872	-0.103785
19.932161	-0.106227
19.980806	-0.108669
20.078096	-0.128205
20.078096	-0.130647
20.248352	-0.137973
20.272674	-0.155067
20.369964	-0.164835
20.442931	-0.172161
20.564542	-0.177045
20.637509	-0.191697
20.710476	-0.196581
20.832088	-0.206349
20.880733	-0.206349
21.002345	-0.221001
21.026667	-0.228327
21.148279	-0.228327
21.148279	-0.230769
21.318535	-0.230769
21.318535	-0.238095
21.464469	-0.242979
21.464469	-0.238095
21.634725	-0.240537
21.634725	-0.240537
21.78066	-0.240537
21.78066	-0.228327
21.926594	-0.223443
21.975238	-0.223443
22.072528	-0.216117
22.145495	-0.216117
22.218462	-0.211233
22.364396	-0.199023
22.364396	-0.194139
22.461685	-0.184371
22.51033	-0.184371
22.656264	-0.169719
22.680586	-0.167277
22.777876	-0.155067
22.850843	-0.150183
22.948132	-0.150183
23.045421	-0.147741
23.069744	-0.133089
23.215678	-0.137973
23.24	-0.125763
23.385934	-0.120879
23.385934	-0.115995
23.556191	-0.123321
23.531868	-0.123321
23.702125	-0.111111
23.702125	-0.115995
23.848059	-0.123321
23.848059	-0.113553
23.993993	-0.113553
24.018315	-0.125763
24.164249	-0.115995
24.212894	-0.123321
24.38315	-0.130647
24.48044	-0.133089
24.553407	-0.140415
24.650696	-0.147741
24.675018	-0.157509
24.845275	-0.169719
24.845275	-0.177045
24.99121	-0.177045
24.942566	-0.191697
25.137144	-0.191697
25.112822	-0.206349
25.234434	-0.211233
