0.644542	0.052503
0.693187	0.054945
0.668864	0.054945
0.668864	0.052503
0.693187	0.054945
0.668864	0.052503
0.693187	0.054945
0.741832	0.054945
0.790476	0.052503
0.839121	0.054945
0.93641	0.054945
1.009377	0.054945
1.082344	0.052503
1.155311	0.052503
1.252601	0.054945
1.325568	0.052503
1.422857	0.052503
1.471502	0.054945
1.568791	0.052503
1.641758	0.052503
1.739048	0.052503
1.787692	0.052503
1.884982	0.052503
1.982271	0.052503
2.030916	0.052503
2.128205	0.052503
2.225495	0.052503
2.274139	0.054945
2.371429	0.052503
2.444396	0.052503
2.517363	0.052503
2.59033	0.054945
2.663297	0.054945
2.784908	0.052503
2.857875	0.054945
2.90652	0.054945
3.028132	0.052503
3.052454	0.052503
3.174066	0.052503
3.222711	0.052503
3.32	0.052503
3.368645	0.054945
3.465934	0.052503
3.514579	0.054945
3.636191	0.052503
3.684835	0.052503
3.782125	0.052503
3.855092	0.052503
3.952381	0.052503
4.001026	0.052503
4.122637	0.052503
4.171282	0.052503
4.268572	0.052503
4.390183	0.050061
4.414506	0.050061
4.511795	0.050061
4.584762	0.050061
4.682051	0.050061
4.755018	0.047619
4.827985	0.050061
4.900952	0.045177
5.095531	0.042735
5.119854	0.045177
5.241465	0.042735
5.29011	0.040293
5.387399	0.040293
5.460366	0.037851
5.533333	0.040293
5.630623	0.035409
5.679267	0.032967
5.800879	0.032967
5.849524	0.032967
5.946813	0.030525
6.01978	0.028083
6.11707	0.028083
6.165714	0.020757
6.263004	0.023199
6.311649	0.018315
6.408938	0.020757
6.53055	0.018315
6.554872	0.015873
6.676484	0.013431
6.725129	0.010989
6.84674	0.010989
6.895385	0.008547
7.016997	0.006105
7.041319	0.006105
7.138608	0.010989
7.211575	0.008547
7.333187	0.008547
7.357509	0.006105
7.454799	0.006105
7.527766	0.008547
7.625055	0.008547
7.6737	0.008547
7.746667	0.006105
7.868279	0.006105
7.916923	0.010989
8.014213	0.013431
8.08718	0.010989
8.184469	0.010989
8.233114	0.008547
8.330403	0.010989
8.40337	0.015873
8.50066	0.010989
8.597949	0.015873
8.646594	0.015873
8.743883	0.010989
8.81685	0.010989
8.914139	0.010989
8.962784	0.010989
9.084396	0.015873
9.108718	0.008547
9.23033	0.008547
9.278975	0.006105
9.376264	0.006105
9.424909	0.010989
9.54652	0.006105
9.595165	0.003663
9.692454	0.003663
9.716777	0.001221
9.935678	-0.006105
9.984322	-0.015873
10.081612	-0.020757
10.154579	-0.018315
10.227546	-0.028083
10.324835	-0.035409
10.37348	-0.037851
10.495092	-0.042735
10.543736	-0.050061
10.641026	-0.052503
10.713993	-0.059829
10.762637	-0.057387
10.859927	-0.069597
10.932894	-0.074481
11.054506	-0.079365
11.10315	-0.081807
11.224762	-0.081807
11.249084	-0.089133
11.346374	-0.084249
11.395018	-0.094017
11.51663	-0.094017
11.540952	-0.096459
11.662564	-0.091575
11.711209	-0.091575
11.832821	-0.089133
11.857143	-0.094017
11.954432	-0.089133
11.978755	-0.086691
12.124689	-0.084249
12.173333	-0.084249
12.2463	-0.074481
12.367912	-0.074481
12.416557	-0.069597
12.513847	-0.067155
12.586814	-0.062271
12.684103	-0.057387
12.708426	-0.054945
12.85436	-0.045177
12.878682	-0.045177
12.975971	-0.035409
13.048938	-0.035409
13.097583	-0.032967
13.219195	-0.032967
13.26784	-0.030525
13.365129	-0.025641
13.413774	-0.023199
13.535385	-0.020757
13.559708	-0.020757
13.705642	-0.025641
13.705642	-0.018315
13.827253	-0.023199
13.875898	-0.020757
13.99751	-0.018315
14.021832	-0.025641
14.119122	-0.025641
14.192089	-0.032967
14.289378	-0.035409
14.386667	-0.035409
14.435312	-0.045177
14.532601	-0.045177
14.654213	-0.057387
14.800147	-0.062271
14.824469	-0.069597
14.946081	-0.079365
14.970404	-0.084249
15.092015	-0.094017
15.14066	-0.096459
15.262272	-0.113553
15.262272	-0.118437
15.408206	-0.128205
15.432528	-0.137973
15.602784	-0.147741
15.651429	-0.152625
15.675751	-0.155067
15.797363	-0.169719
15.846008	-0.179487
15.991942	-0.179487
15.991942	-0.184371
16.113554	-0.196581
16.137876	-0.196581
16.28381	-0.201465
16.28381	-0.201465
16.405422	-0.208791
16.478389	-0.206349
16.575678	-0.201465
16.624323	-0.201465
16.770257	-0.201465
16.843224	-0.201465
16.891869	-0.194139
17.01348	-0.189255
17.062125	-0.179487
17.159414	-0.174603
17.183737	-0.172161
17.329671	-0.162393
17.353993	-0.150183
17.475605	-0.145299
17.499927	-0.137973
17.645861	-0.133089
17.621539	-0.125763
17.791795	-0.115995
17.791795	-0.108669
17.937729	-0.106227
18.059341	-0.098901
18.035019	-0.091575
18.180953	-0.086691
18.180953	-0.084249
18.351209	-0.079365
18.351209	-0.079365
18.521466	-0.072039
18.521466	-0.076923
18.643077	-0.074481
18.716044	-0.074481
18.789011	-0.069597
18.886301	-0.067155
18.934945	-0.074481
19.080879	-0.079365
19.105202	-0.076923
19.226814	-0.076923
19.251136	-0.084249
19.39707	-0.089133
19.494359	-0.098901
19.640293	-0.106227
19.640293	-0.113553
19.786227	-0.133089
19.761905	-0.133089
19.956484	-0.140415
19.956484	-0.152625
20.078096	-0.157509
20.12674	-0.167277
20.248352	-0.179487
20.321319	-0.189255
20.369964	-0.206349
20.491575	-0.211233
20.54022	-0.228327
20.661832	-0.230769
20.637509	-0.242979
20.807766	-0.250305
20.832088	-0.264957
20.9537	-0.269841
21.050989	-0.272283
21.099634	-0.282051
21.221246	-0.284493
21.245568	-0.291819
21.391502	-0.291819
21.440147	-0.296703
21.537436	-0.296703
21.561758	-0.294261
21.732015	-0.291819
21.707692	-0.282051
21.853627	-0.284493
21.853627	-0.272283
22.023883	-0.267399
22.023883	-0.267399
22.169817	-0.252747
22.194139	-0.247863
22.315751	-0.238095
22.364396	-0.235653
22.461685	-0.223443
22.534652	-0.213675
22.607619	-0.211233
22.729231	-0.206349
22.777876	-0.199023
22.899487	-0.181929
22.948132	-0.184371
23.069744	-0.172161
23.069744	-0.169719
23.215678	-0.164835
23.215678	-0.157509
23.385934	-0.155067
23.434579	-0.145299
23.531868	-0.142857
23.604835	-0.145299
23.604835	-0.142857
23.799414	-0.140415
23.799414	-0.137973
23.96967	-0.135531
23.945348	-0.135531
24.115604	-0.145299
24.06696	-0.140415
24.261538	-0.145299
24.334506	-0.162393
24.504762	-0.167277
24.48044	-0.172161
24.626374	-0.169719
24.675018	-0.186813
24.772308	-0.186813
24.845275	-0.191697
24.942566	-0.206349
25.039855	-0.208791
25.0885	-0.221001
25.185789	-0.228327
25.210111	-0.235653
