0.62022	0.054945
0.644542	0.054945
0.644542	0.054945
0.668864	0.054945
0.668864	0.054945
0.693187	0.054945
0.693187	0.054945
0.717509	0.054945
0.790476	0.052503
0.863443	0.054945
0.93641	0.054945
1.009377	0.054945
1.106667	0.052503
1.179634	0.052503
1.228278	0.052503
1.34989	0.054945
1.398535	0.052503
1.471502	0.052503
1.593114	0.052503
1.666081	0.054945
1.739048	0.052503
1.812015	0.054945
1.884982	0.052503
1.982271	0.052503
2.079561	0.054945
2.128205	0.054945
2.17685	0.052503
2.274139	0.052503
2.371429	0.054945
2.444396	0.054945
2.517363	0.052503
2.59033	0.052503
2.687619	0.052503
2.760586	0.054945
2.833553	0.054945
2.90652	0.054945
3.00381	0.052503
3.076777	0.052503
3.149744	0.052503
3.198388	0.052503
3.32	0.054945
3.392967	0.052503
3.490257	0.052503
3.538901	0.052503
3.636191	0.052503
3.709158	0.052503
3.782125	0.052503
3.879414	0.052503
3.928059	0.052503
4.04967	0.052503
4.098315	0.052503
4.219927	0.050061
4.244249	0.052503
4.341539	0.050061
4.438828	0.050061
4.511795	0.052503
4.584762	0.052503
4.706374	0.050061
4.730696	0.050061
4.803663	0.050061
4.852308	0.052503
5.071209	0.050061
5.144176	0.052503
5.217143	0.047619
5.314432	0.047619
5.387399	0.050061
5.484689	0.045177
5.533333	0.042735
5.654945	0.042735
5.70359	0.042735
5.800879	0.045177
5.849524	0.047619
5.946813	0.042735
5.995458	0.040293
6.092747	0.042735
6.214359	0.042735
6.238682	0.037851
6.335971	0.040293
6.408938	0.040293
6.481905	0.040293
6.554872	0.037851
6.676484	0.037851
6.725129	0.037851
6.84674	0.037851
6.895385	0.037851
6.992674	0.035409
7.016997	0.035409
7.138608	0.035409
7.187253	0.035409
7.308865	0.032967
7.381832	0.030525
7.454799	0.030525
7.527766	0.032967
7.625055	0.032967
7.722345	0.028083
7.746667	0.028083
7.868279	0.030525
7.916923	0.028083
8.038535	0.025641
8.08718	0.025641
8.184469	0.030525
8.233114	0.028083
8.330403	0.030525
8.354726	0.032967
8.476337	0.032967
8.549304	0.032967
8.646594	0.032967
8.743883	0.028083
8.768205	0.028083
8.889817	0.030525
8.962784	0.028083
9.060073	0.028083
9.084396	0.032967
9.254652	0.032967
9.254652	0.030525
9.376264	0.030525
9.424909	0.032967
9.522198	0.030525
9.570843	0.032967
9.692454	0.023199
9.765421	0.028083
9.935678	0.028083
10.032967	0.023199
10.05729	0.023199
10.154579	0.015873
10.203224	0.020757
10.349158	0.010989
10.37348	0.010989
10.495092	0.010989
10.519414	0.010989
10.616703	0.001221
10.68967	-0.001221
10.762637	0.001221
10.835604	-0.006105
10.957216	-0.006105
10.981539	-0.008547
11.078828	-0.013431
11.20044	-0.015873
11.224762	-0.013431
11.346374	-0.020757
11.370696	-0.015873
11.492308	-0.020757
11.51663	-0.020757
11.662564	-0.025641
11.711209	-0.020757
11.808498	-0.020757
11.857143	-0.023199
11.93011	-0.025641
12.076044	-0.025641
12.100366	-0.020757
12.221978	-0.023199
12.2463	-0.015873
12.392234	-0.013431
12.416557	-0.018315
12.489525	-0.008547
12.538169	-0.013431
12.684103	-0.006105
12.684103	-0.010989
12.830037	-0.006105
12.85436	-0.006105
12.975971	0.003663
13.000294	-0.001221
13.121905	0.003663
13.17055	0.006105
13.26784	0.001221
13.340807	0.010989
13.413774	0.006105
13.535385	0.010989
13.559708	0.006105
13.681319	0.010989
13.729964	0.010989
13.851576	0.010989
13.875898	0.010989
13.973187	0.013431
14.046154	0.010989
14.119122	0.013431
14.216411	0.006105
14.265056	0.010989
14.41099	0.008547
14.41099	0.001221
14.556924	0.001221
14.678535	-0.003663
14.800147	-0.006105
14.775825	-0.010989
14.921759	-0.008547
14.970404	-0.015873
15.092015	-0.020757
15.116338	-0.025641
15.237949	-0.032967
15.262272	-0.037851
15.383883	-0.035409
15.408206	-0.045177
15.529817	-0.050061
15.627107	-0.057387
15.675751	-0.054945
15.821686	-0.064713
15.846008	-0.069597
15.96762	-0.074481
15.991942	-0.074481
16.137876	-0.084249
16.137876	-0.089133
16.28381	-0.086691
16.28381	-0.089133
16.405422	-0.094017
16.454066	-0.094017
16.575678	-0.094017
16.672968	-0.086691
16.69729	-0.084249
16.818902	-0.091575
16.867546	-0.081807
16.989158	-0.081807
17.01348	-0.084249
17.135092	-0.072039
17.159414	-0.067155
17.305348	-0.069597
17.305348	-0.067155
17.451282	-0.062271
17.451282	-0.057387
17.597217	-0.054945
17.645861	-0.040293
17.791795	-0.045177
17.816118	-0.035409
17.913407	-0.035409
18.010696	-0.030525
18.059341	-0.023199
18.180953	-0.025641
18.229597	-0.013431
18.375532	-0.020757
18.375532	-0.015873
18.521466	-0.015873
18.521466	-0.006105
18.6674	-0.006105
18.6674	-0.013431
18.813334	-0.010989
18.813334	-0.001221
18.959268	-0.003663
18.959268	-0.010989
19.105202	-0.015873
19.153846	-0.013431
19.299781	-0.020757
19.372748	-0.018315
19.445715	-0.028083
19.615971	-0.025641
19.615971	-0.040293
19.761905	-0.045177
19.761905	-0.047619
19.907839	-0.045177
19.932161	-0.059829
20.078096	-0.059829
20.102418	-0.072039
20.22403	-0.081807
20.296997	-0.081807
20.369964	-0.096459
20.491575	-0.098901
20.54022	-0.111111
20.637509	-0.108669
20.637509	-0.123321
20.807766	-0.130647
20.807766	-0.137973
20.9537	-0.142857
20.978022	-0.147741
21.099634	-0.142857
21.099634	-0.145299
21.26989	-0.155067
21.26989	-0.152625
21.440147	-0.150183
21.464469	-0.159951
21.561758	-0.157509
21.659048	-0.152625
21.732015	-0.150183
21.829304	-0.152625
21.877949	-0.145299
22.023883	-0.137973
21.999561	-0.133089
22.121172	-0.133089
22.169817	-0.123321
22.291429	-0.118437
22.340073	-0.108669
22.461685	-0.113553
22.558974	-0.094017
22.607619	-0.101343
22.729231	-0.094017
22.753553	-0.074481
22.899487	-0.084249
22.899487	-0.072039
23.069744	-0.074481
23.069744	-0.067155
23.24	-0.064713
23.215678	-0.047619
23.385934	-0.052503
23.361612	-0.057387
23.507546	-0.054945
23.531868	-0.047619
23.65348	-0.052503
23.677802	-0.050061
23.823736	-0.047619
23.872381	-0.045177
23.96967	-0.037851
24.042637	-0.045177
24.115604	-0.047619
24.237216	-0.059829
24.358828	-0.062271
24.504762	-0.069597
24.48044	-0.074481
24.650696	-0.067155
24.675018	-0.084249
24.772308	-0.076923
24.845275	-0.098901
24.918243	-0.103785
25.039855	-0.106227
25.039855	-0.118437
25.210111	-0.113553
25.234434	-0.125763
