0.644542	0.054945
0.644542	0.052503
0.644542	0.054945
0.668864	0.054945
0.668864	0.054945
0.693187	0.054945
0.693187	0.052503
0.717509	0.052503
0.790476	0.054945
0.863443	0.052503
0.93641	0.052503
1.009377	0.054945
1.106667	0.054945
1.179634	0.052503
1.228278	0.054945
1.325568	0.052503
1.422857	0.054945
1.471502	0.054945
1.568791	0.052503
1.617436	0.054945
1.714725	0.054945
1.812015	0.052503
1.884982	0.052503
1.957949	0.052503
2.006593	0.054945
2.128205	0.052503
2.201172	0.054945
2.298462	0.052503
2.371429	0.054945
2.444396	0.052503
2.541685	0.052503
2.59033	0.052503
2.687619	0.052503
2.760586	0.054945
2.857875	0.052503
2.90652	0.052503
2.979487	0.054945
3.052454	0.052503
3.149744	0.052503
3.247033	0.052503
3.344323	0.052503
3.392967	0.052503
3.441612	0.052503
3.538901	0.052503
3.636191	0.052503
3.684835	0.052503
3.806447	0.052503
3.879414	0.052503
3.952381	0.050061
4.025348	0.052503
4.122637	0.052503
4.171282	0.052503
4.268572	0.050061
4.317216	0.052503
4.438828	0.052503
4.487473	0.050061
4.584762	0.050061
4.657729	0.047619
4.730696	0.047619
4.827985	0.050061
4.900952	0.050061
5.046887	0.050061
5.144176	0.045177
5.217143	0.042735
5.29011	0.042735
5.387399	0.042735
5.460366	0.045177
5.557656	0.040293
5.581978	0.042735
5.70359	0.042735
5.776557	0.042735
5.873846	0.042735
5.898169	0.040293
6.01978	0.037851
6.068425	0.035409
6.190037	0.032967
6.238682	0.037851
6.335971	0.032967
6.408938	0.032967
6.481905	0.030525
6.603517	0.032967
6.652162	0.028083
6.725129	0.025641
6.822418	0.025641
6.895385	0.025641
6.94403	0.030525
7.041319	0.025641
7.089964	0.028083
7.211575	0.025641
7.284542	0.023199
7.357509	0.023199
7.454799	0.020757
7.527766	0.023199
7.625055	0.025641
7.6737	0.023199
7.795312	0.025641
7.819634	0.020757
7.916923	0.023199
7.965568	0.023199
8.08718	0.020757
8.160147	0.023199
8.257436	0.023199
8.257436	0.025641
8.40337	0.028083
8.452015	0.020757
8.573627	0.023199
8.597949	0.023199
8.743883	0.023199
8.792528	0.025641
8.865495	0.025641
8.987106	0.023199
9.035751	0.025641
9.13304	0.030525
9.181685	0.025641
9.278975	0.023199
9.327619	0.025641
9.424909	0.020757
9.497876	0.020757
9.595165	0.023199
9.668132	0.023199
9.741099	0.020757
9.935678	0.015873
9.984322	0.010989
10.081612	0.013431
10.130257	0.006105
10.251868	0.003663
10.276191	0.003663
10.397802	0.003663
10.446447	-0.003663
10.543736	-0.008547
10.616703	-0.010989
10.713993	-0.015873
10.738315	-0.013431
10.835604	-0.018315
10.932894	-0.020757
11.005861	-0.028083
11.10315	-0.025641
11.151795	-0.035409
11.273407	-0.032967
11.322051	-0.035409
11.419341	-0.037851
11.467985	-0.035409
11.540952	-0.035409
11.613919	-0.037851
11.711209	-0.045177
11.808498	-0.037851
11.857143	-0.037851
11.954432	-0.035409
12.003077	-0.037851
12.124689	-0.037851
12.149011	-0.035409
12.294945	-0.032967
12.319267	-0.032967
12.465202	-0.025641
12.440879	-0.030525
12.562492	-0.028083
12.611136	-0.025641
12.708426	-0.023199
12.75707	-0.015873
12.878682	-0.010989
12.903004	-0.013431
13.024616	-0.008547
13.097583	-0.010989
13.194872	-0.008547
13.26784	-0.006105
13.292162	-0.003663
13.438096	0.003663
13.462418	0.006105
13.608352	-0.001221
13.632675	0.001221
13.754286	0.001221
13.754286	0.006105
13.90022	0.001221
13.924543	0.003663
14.046154	-0.001221
14.143444	-0.003663
14.192089	0.003663
14.3137	0.001221
14.289378	-0.003663
14.435312	-0.008547
14.459634	-0.013431
14.678535	-0.013431
14.702858	-0.025641
14.824469	-0.023199
14.848792	-0.035409
14.970404	-0.032967
14.994726	-0.042735
15.14066	-0.047619
15.189305	-0.050061
15.310916	-0.054945
15.359561	-0.069597
15.432528	-0.072039
15.55414	-0.074481
15.578462	-0.084249
15.700074	-0.094017
15.724396	-0.098901
15.846008	-0.101343
15.894653	-0.106227
15.991942	-0.113553
16.040587	-0.118437
16.137876	-0.123321
16.186521	-0.128205
16.308132	-0.128205
16.356777	-0.125763
16.478389	-0.125763
16.575678	-0.125763
16.624323	-0.133089
16.721612	-0.125763
16.770257	-0.123321
16.916191	-0.128205
16.916191	-0.118437
17.062125	-0.113553
17.062125	-0.108669
17.183737	-0.106227
17.232381	-0.098901
17.329671	-0.091575
17.42696	-0.084249
17.475605	-0.079365
17.572894	-0.079365
17.645861	-0.069597
17.791795	-0.064713
17.816118	-0.057387
17.937729	-0.062271
17.937729	-0.054945
18.083663	-0.050061
18.083663	-0.037851
18.229597	-0.042735
18.278242	-0.030525
18.399854	-0.040293
18.399854	-0.030525
18.521466	-0.032967
18.57011	-0.028083
18.716044	-0.030525
18.740367	-0.032967
18.861978	-0.030525
18.934945	-0.028083
18.959268	-0.032967
19.105202	-0.035409
19.129524	-0.040293
19.299781	-0.045177
19.299781	-0.045177
19.470037	-0.047619
19.543004	-0.064713
19.640293	-0.062271
19.71326	-0.067155
19.786227	-0.086691
19.907839	-0.081807
19.956484	-0.094017
20.102418	-0.108669
20.078096	-0.106227
20.22403	-0.118437
20.248352	-0.133089
20.394286	-0.135531
20.394286	-0.145299
20.564542	-0.159951
20.564542	-0.162393
20.686154	-0.177045
20.710476	-0.179487
20.85641	-0.189255
20.905055	-0.194139
21.002345	-0.201465
21.050989	-0.203907
21.148279	-0.201465
21.245568	-0.208791
21.342857	-0.216117
21.415824	-0.216117
21.440147	-0.218559
21.586081	-0.211233
21.610403	-0.208791
21.756337	-0.216117
21.732015	-0.208791
21.902271	-0.196581
21.975238	-0.201465
22.023883	-0.194139
22.145495	-0.186813
22.169817	-0.177045
22.315751	-0.169719
22.315751	-0.162393
22.461685	-0.162393
22.486007	-0.155067
22.656264	-0.152625
22.631942	-0.135531
22.777876	-0.137973
22.777876	-0.128205
22.948132	-0.125763
22.92381	-0.115995
23.069744	-0.113553
23.118388	-0.113553
23.24	-0.101343
23.288645	-0.101343
23.385934	-0.094017
23.458901	-0.098901
23.531868	-0.089133
23.65348	-0.089133
23.702125	-0.091575
23.823736	-0.096459
23.823736	-0.098901
23.96967	-0.086691
23.96967	-0.098901
24.164249	-0.103785
24.139927	-0.106227
24.38315	-0.111111
24.358828	-0.111111
24.504762	-0.113553
24.553407	-0.130647
24.699341	-0.128205
24.79663	-0.133089
24.772308	-0.152625
24.942566	-0.147741
24.893919	-0.159951
25.0885	-0.177045
25.064177	-0.174603
25.234434	-0.191697
